1|The Pragmatic Programmer|Hunt & Thomas|Programming|1999|3|2
2|Clean Code|Robert C. Martin|Programming|2008|2|2
3|Introduction to Algorithms|CLRS|Science|2009|4|4
4|1984|George Orwell|Fiction|1949|5|5
5|Dune|Frank Herbert|Science Fiction|1965|3|3
6|The Hobbit|J.R.R. Tolkien|Fantasy|1937|4|4
7|Sapiens|Yuval Noah Harari|History|2011|3|3
8|Thinking Fast and Slow|Daniel Kahneman|Non-Fiction|2011|2|2
9|Harry Potter PS|J.K. Rowling|Fantasy|1997|5|5
10|The Great Gatsby|F. Scott Fitzgerald|Fiction|1925|3|3
11|hfghgf|dfgdfg|ghjghj|0|1876634528|1876634528
12||||0|1876634528|1876634528
13||||0|1876634528|1876634528
14||||0|1876634528|1876634528
15||||0|1876634528|1876634528
16||||0|1876634528|1876634528
17||||0|1876634528|1876634528
18||||0|1876634528|1876634528
19||||0|1876634528|1876634528
20||||0|1876634528|1876634528
21||||0|1876634528|1876634528
22||||0|1876634528|1876634528
23||||0|1876634528|1876634528
24||||0|1876634528|1876634528
25||||0|1876634528|1876634528
26||||0|1876634528|1876634528
27||||0|1876634528|1876634528
28||||0|1876634528|1876634528
29||||0|1876634528|1876634528
30||||0|1876634528|1876634528
31||||0|1876634528|1876634528
32||||0|1876634528|1876634528
33||||0|1876634528|1876634528
34||||0|1876634528|1876634528
35||||0|1876634528|1876634528
36||||0|1876634528|1876634528
37||||0|1876634528|1876634528
38||||0|1876634528|1876634528
39||||0|1876634528|1876634528
40||||0|1876634528|1876634528
41||||0|1876634528|1876634528
42||||0|1876634528|1876634528
43||||0|1876634528|1876634528
44||||0|1876634528|1876634528
45||||0|1876634528|1876634528
46||||0|1876634528|1876634528
47||||0|1876634528|1876634528
48||||0|1876634528|1876634528
49||||0|1876634528|1876634528
50||||0|1876634528|1876634528
51||||0|1876634528|1876634528
52||||0|1876634528|1876634528
53||||0|1876634528|1876634528
54||||0|1876634528|1876634528
55||||0|1876634528|1876634528
56||||0|1876634528|1876634528
57||||0|1876634528|1876634528
58||||0|1876634528|1876634528
59||||0|1876634528|1876634528
60||||0|1876634528|1876634528
61||||0|1876634528|1876634528
62||||0|1876634528|1876634528
63||||0|1876634528|1876634528
64||||0|1876634528|1876634528
65||||0|1876634528|1876634528
66||||0|1876634528|1876634528
67||||0|1876634528|1876634528
68||||0|1876634528|1876634528
69||||0|1876634528|1876634528
70||||0|1876634528|1876634528
71||||0|1876634528|1876634528
72||||0|1876634528|1876634528
73||||0|1876634528|1876634528
74||||0|1876634528|1876634528
75||||0|1876634528|1876634528
76||||0|1876634528|1876634528
77||||0|1876634528|1876634528
78||||0|1876634528|1876634528
79||||0|1876634528|1876634528
80||||0|1876634528|1876634528
81||||0|1876634528|1876634528
82||||0|1876634528|1876634528
83||||0|1876634528|1876634528
84||||0|1876634528|1876634528
85||||0|1876634528|1876634528
86||||0|1876634528|1876634528
87||||0|1876634528|1876634528
88||||0|1876634528|1876634528
89||||0|1876634528|1876634528
90||||0|1876634528|1876634528
91||||0|1876634528|1876634528
92||||0|1876634528|1876634528
93||||0|1876634528|1876634528
94||||0|1876634528|1876634528
95||||0|1876634528|1876634528
96||||0|1876634528|1876634528
97||||0|1876634528|1876634528
98||||0|1876634528|1876634528
99||||0|1876634528|1876634528
100||||0|1876634528|1876634528
101||||0|1876634528|1876634528
102||||0|1876634528|1876634528
103||||0|1876634528|1876634528
104||||0|1876634528|1876634528
105||||0|1876634528|1876634528
106||||0|1876634528|1876634528
107||||0|1876634528|1876634528
108||||0|1876634528|1876634528
109||||0|1876634528|1876634528
110||||0|1876634528|1876634528
111||||0|1876634528|1876634528
112||||0|1876634528|1876634528
113||||0|1876634528|1876634528
114||||0|1876634528|1876634528
115||||0|1876634528|1876634528
116||||0|1876634528|1876634528
117||||0|1876634528|1876634528
118||||0|1876634528|1876634528
119||||0|1876634528|1876634528
120||||0|1876634528|1876634528
121||||0|1876634528|1876634528
122||||0|1876634528|1876634528
123||||0|1876634528|1876634528
124||||0|1876634528|1876634528
125||||0|1876634528|1876634528
126||||0|1876634528|1876634528
127||||0|1876634528|1876634528
128||||0|1876634528|1876634528
129||||0|1876634528|1876634528
130||||0|1876634528|1876634528
131||||0|1876634528|1876634528
132||||0|1876634528|1876634528
133||||0|1876634528|1876634528
134||||0|1876634528|1876634528
135||||0|1876634528|1876634528
136||||0|1876634528|1876634528
137||||0|1876634528|1876634528
138||||0|1876634528|1876634528
139||||0|1876634528|1876634528
140||||0|1876634528|1876634528
141||||0|1876634528|1876634528
142||||0|1876634528|1876634528
143||||0|1876634528|1876634528
144||||0|1876634528|1876634528
145||||0|1876634528|1876634528
146||||0|1876634528|1876634528
147||||0|1876634528|1876634528
148||||0|1876634528|1876634528
149||||0|1876634528|1876634528
150||||0|1876634528|1876634528
151||||0|1876634528|1876634528
152||||0|1876634528|1876634528
153||||0|1876634528|1876634528
154||||0|1876634528|1876634528
155||||0|1876634528|1876634528
156||||0|1876634528|1876634528
157||||0|1876634528|1876634528
158||||0|1876634528|1876634528
159||||0|1876634528|1876634528
160||||0|1876634528|1876634528
161||||0|1876634528|1876634528
162||||0|1876634528|1876634528
163||||0|1876634528|1876634528
164||||0|1876634528|1876634528
165||||0|1876634528|1876634528
166||||0|1876634528|1876634528
167||||0|1876634528|1876634528
168||||0|1876634528|1876634528
169||||0|1876634528|1876634528
170||||0|1876634528|1876634528
171||||0|1876634528|1876634528
172||||0|1876634528|1876634528
173||||0|1876634528|1876634528
174||||0|1876634528|1876634528
175||||0|1876634528|1876634528
176||||0|1876634528|1876634528
177||||0|1876634528|1876634528
178||||0|1876634528|1876634528
179||||0|1876634528|1876634528
180||||0|1876634528|1876634528
181||||0|1876634528|1876634528
182||||0|1876634528|1876634528
183||||0|1876634528|1876634528
184||||0|1876634528|1876634528
185||||0|1876634528|1876634528
186||||0|1876634528|1876634528
187||||0|1876634528|1876634528
188||||0|1876634528|1876634528
189||||0|1876634528|1876634528
190||||0|1876634528|1876634528
191||||0|1876634528|1876634528
192||||0|1876634528|1876634528
193||||0|1876634528|1876634528
194||||0|1876634528|1876634528
195||||0|1876634528|1876634528
196||||0|1876634528|1876634528
197||||0|1876634528|1876634528
198||||0|1876634528|1876634528
199||||0|1876634528|1876634528
200||||0|1876634528|1876634528
201||||0|1876634528|1876634528
202||||0|1876634528|1876634528
203||||0|1876634528|1876634528
204||||0|1876634528|1876634528
205||||0|1876634528|1876634528
206||||0|1876634528|1876634528
207||||0|1876634528|1876634528
208||||0|1876634528|1876634528
209||||0|1876634528|1876634528
210||||0|1876634528|1876634528
211||||0|1876634528|1876634528
212||||0|1876634528|1876634528
213||||0|1876634528|1876634528
214||||0|1876634528|1876634528
215||||0|1876634528|1876634528
216||||0|1876634528|1876634528
217||||0|1876634528|1876634528
218||||0|1876634528|1876634528
219||||0|1876634528|1876634528
220||||0|1876634528|1876634528
221||||0|1876634528|1876634528
222||||0|1876634528|1876634528
223||||0|1876634528|1876634528
224||||0|1876634528|1876634528
225||||0|1876634528|1876634528
226||||0|1876634528|1876634528
227||||0|1876634528|1876634528
228||||0|1876634528|1876634528
229||||0|1876634528|1876634528
230||||0|1876634528|1876634528
231||||0|1876634528|1876634528
232||||0|1876634528|1876634528
233||||0|1876634528|1876634528
234||||0|1876634528|1876634528
235||||0|1876634528|1876634528
236||||0|1876634528|1876634528
237||||0|1876634528|1876634528
238||||0|1876634528|1876634528
239||||0|1876634528|1876634528
240||||0|1876634528|1876634528
241||||0|1876634528|1876634528
242||||0|1876634528|1876634528
243||||0|1876634528|1876634528
244||||0|1876634528|1876634528
245||||0|1876634528|1876634528
246||||0|1876634528|1876634528
247||||0|1876634528|1876634528
248||||0|1876634528|1876634528
249||||0|1876634528|1876634528
250||||0|1876634528|1876634528
251||||0|1876634528|1876634528
252||||0|1876634528|1876634528
253||||0|1876634528|1876634528
254||||0|1876634528|1876634528
255||||0|1876634528|1876634528
256||||0|1876634528|1876634528
257||||0|1876634528|1876634528
258||||0|1876634528|1876634528
259||||0|1876634528|1876634528
260||||0|1876634528|1876634528
261||||0|1876634528|1876634528
262||||0|1876634528|1876634528
263||||0|1876634528|1876634528
264||||0|1876634528|1876634528
265||||0|1876634528|1876634528
266||||0|1876634528|1876634528
267||||0|1876634528|1876634528
268||||0|1876634528|1876634528
269||||0|1876634528|1876634528
270||||0|1876634528|1876634528
271||||0|1876634528|1876634528
272||||0|1876634528|1876634528
273||||0|1876634528|1876634528
274||||0|1876634528|1876634528
275||||0|1876634528|1876634528
276||||0|1876634528|1876634528
277||||0|1876634528|1876634528
278||||0|1876634528|1876634528
279||||0|1876634528|1876634528
280||||0|1876634528|1876634528
281||||0|1876634528|1876634528
282||||0|1876634528|1876634528
283||||0|1876634528|1876634528
284||||0|1876634528|1876634528
285||||0|1876634528|1876634528
286||||0|1876634528|1876634528
287||||0|1876634528|1876634528
288||||0|1876634528|1876634528
289||||0|1876634528|1876634528
290||||0|1876634528|1876634528
291||||0|1876634528|1876634528
292||||0|1876634528|1876634528
293||||0|1876634528|1876634528
294||||0|1876634528|1876634528
295||||0|1876634528|1876634528
296||||0|1876634528|1876634528
297||||0|1876634528|1876634528
298||||0|1876634528|1876634528
299||||0|1876634528|1876634528
300||||0|1876634528|1876634528
301||||0|1876634528|1876634528
302||||0|1876634528|1876634528
303||||0|1876634528|1876634528
304||||0|1876634528|1876634528
305||||0|1876634528|1876634528
306||||0|1876634528|1876634528
307||||0|1876634528|1876634528
308||||0|1876634528|1876634528
309||||0|1876634528|1876634528
310||||0|1876634528|1876634528
311||||0|1876634528|1876634528
312||||0|1876634528|1876634528
313||||0|1876634528|1876634528
314||||0|1876634528|1876634528
315||||0|1876634528|1876634528
316||||0|1876634528|1876634528
317||||0|1876634528|1876634528
318||||0|1876634528|1876634528
319||||0|1876634528|1876634528
320||||0|1876634528|1876634528
321||||0|1876634528|1876634528
322||||0|1876634528|1876634528
323||||0|1876634528|1876634528
324||||0|1876634528|1876634528
325||||0|1876634528|1876634528
326||||0|1876634528|1876634528
327||||0|1876634528|1876634528
328||||0|1876634528|1876634528
329||||0|1876634528|1876634528
330||||0|1876634528|1876634528
331||||0|1876634528|1876634528
332||||0|1876634528|1876634528
333||||0|1876634528|1876634528
334||||0|1876634528|1876634528
335||||0|1876634528|1876634528
336||||0|1876634528|1876634528
337||||0|1876634528|1876634528
338||||0|1876634528|1876634528
339||||0|1876634528|1876634528
340||||0|1876634528|1876634528
341||||0|1876634528|1876634528
342||||0|1876634528|1876634528
343||||0|1876634528|1876634528
344||||0|1876634528|1876634528
345||||0|1876634528|1876634528
346||||0|1876634528|1876634528
347||||0|1876634528|1876634528
348||||0|1876634528|1876634528
349||||0|1876634528|1876634528
350||||0|1876634528|1876634528
351||||0|1876634528|1876634528
352||||0|1876634528|1876634528
353||||0|1876634528|1876634528
354||||0|1876634528|1876634528
355||||0|1876634528|1876634528
356||||0|1876634528|1876634528
357||||0|1876634528|1876634528
358||||0|1876634528|1876634528
359||||0|1876634528|1876634528
360||||0|1876634528|1876634528
361||||0|1876634528|1876634528
362||||0|1876634528|1876634528
363||||0|1876634528|1876634528
364||||0|1876634528|1876634528
365||||0|1876634528|1876634528
366||||0|1876634528|1876634528
367||||0|1876634528|1876634528
368||||0|1876634528|1876634528
369||||0|1876634528|1876634528
370||||0|1876634528|1876634528
371||||0|1876634528|1876634528
372||||0|1876634528|1876634528
373||||0|1876634528|1876634528
374||||0|1876634528|1876634528
375||||0|1876634528|1876634528
376||||0|1876634528|1876634528
377||||0|1876634528|1876634528
378||||0|1876634528|1876634528
379||||0|1876634528|1876634528
380||||0|1876634528|1876634528
381||||0|1876634528|1876634528
382||||0|1876634528|1876634528
383||||0|1876634528|1876634528
384||||0|1876634528|1876634528
385||||0|1876634528|1876634528
386||||0|1876634528|1876634528
387||||0|1876634528|1876634528
388||||0|1876634528|1876634528
389||||0|1876634528|1876634528
390||||0|1876634528|1876634528
391||||0|1876634528|1876634528
392||||0|1876634528|1876634528
393||||0|1876634528|1876634528
394||||0|1876634528|1876634528
395||||0|1876634528|1876634528
396||||0|1876634528|1876634528
397||||0|1876634528|1876634528
398||||0|1876634528|1876634528
399||||0|1876634528|1876634528
400||||0|1876634528|1876634528
401||||0|1876634528|1876634528
402||||0|1876634528|1876634528
403||||0|1876634528|1876634528
404||||0|1876634528|1876634528
405||||0|1876634528|1876634528
406||||0|1876634528|1876634528
407||||0|1876634528|1876634528
408||||0|1876634528|1876634528
409||||0|1876634528|1876634528
410||||0|1876634528|1876634528
411||||0|1876634528|1876634528
412||||0|1876634528|1876634528
413||||0|1876634528|1876634528
414||||0|1876634528|1876634528
415||||0|1876634528|1876634528
416||||0|1876634528|1876634528
417||||0|1876634528|1876634528
418||||0|1876634528|1876634528
419||||0|1876634528|1876634528
420||||0|1876634528|1876634528
421||||0|1876634528|1876634528
422||||0|1876634528|1876634528
423||||0|1876634528|1876634528
424||||0|1876634528|1876634528
425||||0|1876634528|1876634528
426||||0|1876634528|1876634528
427||||0|1876634528|1876634528
428||||0|1876634528|1876634528
429||||0|1876634528|1876634528
430||||0|1876634528|1876634528
431||||0|1876634528|1876634528
432||||0|1876634528|1876634528
433||||0|1876634528|1876634528
434||||0|1876634528|1876634528
435||||0|1876634528|1876634528
436||||0|1876634528|1876634528
437||||0|1876634528|1876634528
438||||0|1876634528|1876634528
439||||0|1876634528|1876634528
440||||0|1876634528|1876634528
441||||0|1876634528|1876634528
442||||0|1876634528|1876634528
443||||0|1876634528|1876634528
444||||0|1876634528|1876634528
445||||0|1876634528|1876634528
446||||0|1876634528|1876634528
447||||0|1876634528|1876634528
448||||0|1876634528|1876634528
449||||0|1876634528|1876634528
450||||0|1876634528|1876634528
451||||0|1876634528|1876634528
452||||0|1876634528|1876634528
453||||0|1876634528|1876634528
454||||0|1876634528|1876634528
455||||0|1876634528|1876634528
456||||0|1876634528|1876634528
457||||0|1876634528|1876634528
458||||0|1876634528|1876634528
459||||0|1876634528|1876634528
460||||0|1876634528|1876634528
461||||0|1876634528|1876634528
462||||0|1876634528|1876634528
463||||0|1876634528|1876634528
464||||0|1876634528|1876634528
465||||0|1876634528|1876634528
466||||0|1876634528|1876634528
467||||0|1876634528|1876634528
468||||0|1876634528|1876634528
469||||0|1876634528|1876634528
470||||0|1876634528|1876634528
471||||0|1876634528|1876634528
472||||0|1876634528|1876634528
473||||0|1876634528|1876634528
474||||0|1876634528|1876634528
475||||0|1876634528|1876634528
476||||0|1876634528|1876634528
477||||0|1876634528|1876634528
478||||0|1876634528|1876634528
479||||0|1876634528|1876634528
480||||0|1876634528|1876634528
481||||0|1876634528|1876634528
482||||0|1876634528|1876634528
483||||0|1876634528|1876634528
484||||0|1876634528|1876634528
485||||0|1876634528|1876634528
486||||0|1876634528|1876634528
487||||0|1876634528|1876634528
488||||0|1876634528|1876634528
489||||0|1876634528|1876634528
490||||0|1876634528|1876634528
491||||0|1876634528|1876634528
492||||0|1876634528|1876634528
493||||0|1876634528|1876634528
494||||0|1876634528|1876634528
495||||0|1876634528|1876634528
496||||0|1876634528|1876634528
497||||0|1876634528|1876634528
498||||0|1876634528|1876634528
499||||0|1876634528|1876634528
500||||0|1876634528|1876634528
501||||0|1876634528|1876634528
502||||0|1876634528|1876634528
503||||0|1876634528|1876634528
504||||0|1876634528|1876634528
505||||0|1876634528|1876634528
506||||0|1876634528|1876634528
507||||0|1876634528|1876634528
508||||0|1876634528|1876634528
509||||0|1876634528|1876634528
510||||0|1876634528|1876634528
511||||0|1876634528|1876634528
512||||0|1876634528|1876634528
513||||0|1876634528|1876634528
514||||0|1876634528|1876634528
515||||0|1876634528|1876634528
516||||0|1876634528|1876634528
517||||0|1876634528|1876634528
518||||0|1876634528|1876634528
519||||0|1876634528|1876634528
520||||0|1876634528|1876634528
521||||0|1876634528|1876634528
522||||0|1876634528|1876634528
523||||0|1876634528|1876634528
524||||0|1876634528|1876634528
525||||0|1876634528|1876634528
526||||0|1876634528|1876634528
527||||0|1876634528|1876634528
528||||0|1876634528|1876634528
529||||0|1876634528|1876634528
530||||0|1876634528|1876634528
531||||0|1876634528|1876634528
532||||0|1876634528|1876634528
533||||0|1876634528|1876634528
534||||0|1876634528|1876634528
535||||0|1876634528|1876634528
536||||0|1876634528|1876634528
537||||0|1876634528|1876634528
538||||0|1876634528|1876634528
539||||0|1876634528|1876634528
540||||0|1876634528|1876634528
541||||0|1876634528|1876634528
542||||0|1876634528|1876634528
543||||0|1876634528|1876634528
544||||0|1876634528|1876634528
545||||0|1876634528|1876634528
546||||0|1876634528|1876634528
547||||0|1876634528|1876634528
548||||0|1876634528|1876634528
549||||0|1876634528|1876634528
550||||0|1876634528|1876634528
551||||0|1876634528|1876634528
552||||0|1876634528|1876634528
553||||0|1876634528|1876634528
554||||0|1876634528|1876634528
555||||0|1876634528|1876634528
556||||0|1876634528|1876634528
557||||0|1876634528|1876634528
558||||0|1876634528|1876634528
559||||0|1876634528|1876634528
560||||0|1876634528|1876634528
561||||0|1876634528|1876634528
562||||0|1876634528|1876634528
563||||0|1876634528|1876634528
564||||0|1876634528|1876634528
565||||0|1876634528|1876634528
566||||0|1876634528|1876634528
567||||0|1876634528|1876634528
568||||0|1876634528|1876634528
569||||0|1876634528|1876634528
570||||0|1876634528|1876634528
571||||0|1876634528|1876634528
572||||0|1876634528|1876634528
573||||0|1876634528|1876634528
574||||0|1876634528|1876634528
575||||0|1876634528|1876634528
576||||0|1876634528|1876634528
577||||0|1876634528|1876634528
578||||0|1876634528|1876634528
579||||0|1876634528|1876634528
580||||0|1876634528|1876634528
581||||0|1876634528|1876634528
582||||0|1876634528|1876634528
583||||0|1876634528|1876634528
584||||0|1876634528|1876634528
585||||0|1876634528|1876634528
586||||0|1876634528|1876634528
587||||0|1876634528|1876634528
588||||0|1876634528|1876634528
589||||0|1876634528|1876634528
590||||0|1876634528|1876634528
591||||0|1876634528|1876634528
592||||0|1876634528|1876634528
593||||0|1876634528|1876634528
594||||0|1876634528|1876634528
595||||0|1876634528|1876634528
596||||0|1876634528|1876634528
597||||0|1876634528|1876634528
598||||0|1876634528|1876634528
599||||0|1876634528|1876634528
600||||0|1876634528|1876634528
601||||0|1876634528|1876634528
602||||0|1876634528|1876634528
603||||0|1876634528|1876634528
604||||0|1876634528|1876634528
605||||0|1876634528|1876634528
606||||0|1876634528|1876634528
607||||0|1876634528|1876634528
608||||0|1876634528|1876634528
609||||0|1876634528|1876634528
610||||0|1876634528|1876634528
611||||0|1876634528|1876634528
612||||0|1876634528|1876634528
613||||0|1876634528|1876634528
614||||0|1876634528|1876634528
615||||0|1876634528|1876634528
616||||0|1876634528|1876634528
617||||0|1876634528|1876634528
618||||0|1876634528|1876634528
619||||0|1876634528|1876634528
620||||0|1876634528|1876634528
621||||0|1876634528|1876634528
622||||0|1876634528|1876634528
623||||0|1876634528|1876634528
624||||0|1876634528|1876634528
625||||0|1876634528|1876634528
626||||0|1876634528|1876634528
627||||0|1876634528|1876634528
628||||0|1876634528|1876634528
629||||0|1876634528|1876634528
630||||0|1876634528|1876634528
631||||0|1876634528|1876634528
632||||0|1876634528|1876634528
633||||0|1876634528|1876634528
634||||0|1876634528|1876634528
635||||0|1876634528|1876634528
636||||0|1876634528|1876634528
637||||0|1876634528|1876634528
638||||0|1876634528|1876634528
639||||0|1876634528|1876634528
640||||0|1876634528|1876634528
641||||0|1876634528|1876634528
642||||0|1876634528|1876634528
643||||0|1876634528|1876634528
644||||0|1876634528|1876634528
645||||0|1876634528|1876634528
646||||0|1876634528|1876634528
647||||0|1876634528|1876634528
648||||0|1876634528|1876634528
649||||0|1876634528|1876634528
650||||0|1876634528|1876634528
651||||0|1876634528|1876634528
652||||0|1876634528|1876634528
653||||0|1876634528|1876634528
654||||0|1876634528|1876634528
655||||0|1876634528|1876634528
656||||0|1876634528|1876634528
657||||0|1876634528|1876634528
658||||0|1876634528|1876634528
659||||0|1876634528|1876634528
660||||0|1876634528|1876634528
661||||0|1876634528|1876634528
662||||0|1876634528|1876634528
663||||0|1876634528|1876634528
664||||0|1876634528|1876634528
665||||0|1876634528|1876634528
666||||0|1876634528|1876634528
667||||0|1876634528|1876634528
668||||0|1876634528|1876634528
669||||0|1876634528|1876634528
670||||0|1876634528|1876634528
671||||0|1876634528|1876634528
672||||0|1876634528|1876634528
673||||0|1876634528|1876634528
674||||0|1876634528|1876634528
675||||0|1876634528|1876634528
676||||0|1876634528|1876634528
677||||0|1876634528|1876634528
678||||0|1876634528|1876634528
679||||0|1876634528|1876634528
680||||0|1876634528|1876634528
681||||0|1876634528|1876634528
682||||0|1876634528|1876634528
683||||0|1876634528|1876634528
684||||0|1876634528|1876634528
685||||0|1876634528|1876634528
686||||0|1876634528|1876634528
687||||0|1876634528|1876634528
688||||0|1876634528|1876634528
689||||0|1876634528|1876634528
690||||0|1876634528|1876634528
691||||0|1876634528|1876634528
692||||0|1876634528|1876634528
693||||0|1876634528|1876634528
694||||0|1876634528|1876634528
695||||0|1876634528|1876634528
696||||0|1876634528|1876634528
697||||0|1876634528|1876634528
698||||0|1876634528|1876634528
699||||0|1876634528|1876634528
700||||0|1876634528|1876634528
701||||0|1876634528|1876634528
702||||0|1876634528|1876634528
703||||0|1876634528|1876634528
704||||0|1876634528|1876634528
705||||0|1876634528|1876634528
706||||0|1876634528|1876634528
707||||0|1876634528|1876634528
708||||0|1876634528|1876634528
709||||0|1876634528|1876634528
710||||0|1876634528|1876634528
711||||0|1876634528|1876634528
712||||0|1876634528|1876634528
713||||0|1876634528|1876634528
714||||0|1876634528|1876634528
715||||0|1876634528|1876634528
716||||0|1876634528|1876634528
717||||0|1876634528|1876634528
718||||0|1876634528|1876634528
719||||0|1876634528|1876634528
720||||0|1876634528|1876634528
721||||0|1876634528|1876634528
722||||0|1876634528|1876634528
723||||0|1876634528|1876634528
724||||0|1876634528|1876634528
725||||0|1876634528|1876634528
726||||0|1876634528|1876634528
727||||0|1876634528|1876634528
728||||0|1876634528|1876634528
729||||0|1876634528|1876634528
730||||0|1876634528|1876634528
731||||0|1876634528|1876634528
732||||0|1876634528|1876634528
733||||0|1876634528|1876634528
734||||0|1876634528|1876634528
735||||0|1876634528|1876634528
736||||0|1876634528|1876634528
737||||0|1876634528|1876634528
738||||0|1876634528|1876634528
739||||0|1876634528|1876634528
740||||0|1876634528|1876634528
741||||0|1876634528|1876634528
742||||0|1876634528|1876634528
743||||0|1876634528|1876634528
744||||0|1876634528|1876634528
745||||0|1876634528|1876634528
746||||0|1876634528|1876634528
747||||0|1876634528|1876634528
748||||0|1876634528|1876634528
749||||0|1876634528|1876634528
750||||0|1876634528|1876634528
751||||0|1876634528|1876634528
752||||0|1876634528|1876634528
753||||0|1876634528|1876634528
754||||0|1876634528|1876634528
755||||0|1876634528|1876634528
756||||0|1876634528|1876634528
757||||0|1876634528|1876634528
758||||0|1876634528|1876634528
759||||0|1876634528|1876634528
760||||0|1876634528|1876634528
761||||0|1876634528|1876634528
762||||0|1876634528|1876634528
763||||0|1876634528|1876634528
764||||0|1876634528|1876634528
765||||0|1876634528|1876634528
766||||0|1876634528|1876634528
767||||0|1876634528|1876634528
768||||0|1876634528|1876634528
769||||0|1876634528|1876634528
770||||0|1876634528|1876634528
771||||0|1876634528|1876634528
772||||0|1876634528|1876634528
773||||0|1876634528|1876634528
774||||0|1876634528|1876634528
775||||0|1876634528|1876634528
776||||0|1876634528|1876634528
777||||0|1876634528|1876634528
778||||0|1876634528|1876634528
779||||0|1876634528|1876634528
780||||0|1876634528|1876634528
781||||0|1876634528|1876634528
782||||0|1876634528|1876634528
783||||0|1876634528|1876634528
784||||0|1876634528|1876634528
785||||0|1876634528|1876634528
786||||0|1876634528|1876634528
787||||0|1876634528|1876634528
788||||0|1876634528|1876634528
789||||0|1876634528|1876634528
790||||0|1876634528|1876634528
791||||0|1876634528|1876634528
792||||0|1876634528|1876634528
793||||0|1876634528|1876634528
794||||0|1876634528|1876634528
795||||0|1876634528|1876634528
796||||0|1876634528|1876634528
797||||0|1876634528|1876634528
798||||0|1876634528|1876634528
799||||0|1876634528|1876634528
800||||0|1876634528|1876634528
801||||0|1876634528|1876634528
802||||0|1876634528|1876634528
803||||0|1876634528|1876634528
804||||0|1876634528|1876634528
805||||0|1876634528|1876634528
806||||0|1876634528|1876634528
807||||0|1876634528|1876634528
808||||0|1876634528|1876634528
809||||0|1876634528|1876634528
810||||0|1876634528|1876634528
811||||0|1876634528|1876634528
812||||0|1876634528|1876634528
813||||0|1876634528|1876634528
814||||0|1876634528|1876634528
815||||0|1876634528|1876634528
816||||0|1876634528|1876634528
817||||0|1876634528|1876634528
818||||0|1876634528|1876634528
819||||0|1876634528|1876634528
820||||0|1876634528|1876634528
821||||0|1876634528|1876634528
822||||0|1876634528|1876634528
823||||0|1876634528|1876634528
824||||0|1876634528|1876634528
825||||0|1876634528|1876634528
826||||0|1876634528|1876634528
827||||0|1876634528|1876634528
828||||0|1876634528|1876634528
829||||0|1876634528|1876634528
830||||0|1876634528|1876634528
831||||0|1876634528|1876634528
832||||0|1876634528|1876634528
833||||0|1876634528|1876634528
834||||0|1876634528|1876634528
835||||0|1876634528|1876634528
836||||0|1876634528|1876634528
837||||0|1876634528|1876634528
838||||0|1876634528|1876634528
839||||0|1876634528|1876634528
840||||0|1876634528|1876634528
841||||0|1876634528|1876634528
842||||0|1876634528|1876634528
843||||0|1876634528|1876634528
844||||0|1876634528|1876634528
845||||0|1876634528|1876634528
846||||0|1876634528|1876634528
847||||0|1876634528|1876634528
848||||0|1876634528|1876634528
849||||0|1876634528|1876634528
850||||0|1876634528|1876634528
851||||0|1876634528|1876634528
852||||0|1876634528|1876634528
853||||0|1876634528|1876634528
854||||0|1876634528|1876634528
855||||0|1876634528|1876634528
856||||0|1876634528|1876634528
857||||0|1876634528|1876634528
858||||0|1876634528|1876634528
859||||0|1876634528|1876634528
860||||0|1876634528|1876634528
861||||0|1876634528|1876634528
862||||0|1876634528|1876634528
863||||0|1876634528|1876634528
864||||0|1876634528|1876634528
865||||0|1876634528|1876634528
866||||0|1876634528|1876634528
867||||0|1876634528|1876634528
868||||0|1876634528|1876634528
869||||0|1876634528|1876634528
870||||0|1876634528|1876634528
871||||0|1876634528|1876634528
872||||0|1876634528|1876634528
873||||0|1876634528|1876634528
874||||0|1876634528|1876634528
875||||0|1876634528|1876634528
876||||0|1876634528|1876634528
877||||0|1876634528|1876634528
878||||0|1876634528|1876634528
879||||0|1876634528|1876634528
880||||0|1876634528|1876634528
881||||0|1876634528|1876634528
882||||0|1876634528|1876634528
883||||0|1876634528|1876634528
884||||0|1876634528|1876634528
885||||0|1876634528|1876634528
886||||0|1876634528|1876634528
887||||0|1876634528|1876634528
888||||0|1876634528|1876634528
889||||0|1876634528|1876634528
890||||0|1876634528|1876634528
891||||0|1876634528|1876634528
892||||0|1876634528|1876634528
893||||0|1876634528|1876634528
894||||0|1876634528|1876634528
895||||0|1876634528|1876634528
896||||0|1876634528|1876634528
897||||0|1876634528|1876634528
898||||0|1876634528|1876634528
899||||0|1876634528|1876634528
900||||0|1876634528|1876634528
901||||0|1876634528|1876634528
902||||0|1876634528|1876634528
903||||0|1876634528|1876634528
904||||0|1876634528|1876634528
905||||0|1876634528|1876634528
906||||0|1876634528|1876634528
907||||0|1876634528|1876634528
908||||0|1876634528|1876634528
909||||0|1876634528|1876634528
910||||0|1876634528|1876634528
911||||0|1876634528|1876634528
912||||0|1876634528|1876634528
913||||0|1876634528|1876634528
914||||0|1876634528|1876634528
915||||0|1876634528|1876634528
916||||0|1876634528|1876634528
917||||0|1876634528|1876634528
918||||0|1876634528|1876634528
919||||0|1876634528|1876634528
920||||0|1876634528|1876634528
921||||0|1876634528|1876634528
922||||0|1876634528|1876634528
923||||0|1876634528|1876634528
924||||0|1876634528|1876634528
925||||0|1876634528|1876634528
926||||0|1876634528|1876634528
927||||0|1876634528|1876634528
928||||0|1876634528|1876634528
929||||0|1876634528|1876634528
930||||0|1876634528|1876634528
931||||0|1876634528|1876634528
932||||0|1876634528|1876634528
933||||0|1876634528|1876634528
934||||0|1876634528|1876634528
935||||0|1876634528|1876634528
936||||0|1876634528|1876634528
937||||0|1876634528|1876634528
938||||0|1876634528|1876634528
939||||0|1876634528|1876634528
940||||0|1876634528|1876634528
941||||0|1876634528|1876634528
942||||0|1876634528|1876634528
943||||0|1876634528|1876634528
944||||0|1876634528|1876634528
945||||0|1876634528|1876634528
946||||0|1876634528|1876634528
947||||0|1876634528|1876634528
948||||0|1876634528|1876634528
949||||0|1876634528|1876634528
950||||0|1876634528|1876634528
951||||0|1876634528|1876634528
952||||0|1876634528|1876634528
953||||0|1876634528|1876634528
954||||0|1876634528|1876634528
955||||0|1876634528|1876634528
956||||0|1876634528|1876634528
957||||0|1876634528|1876634528
958||||0|1876634528|1876634528
959||||0|1876634528|1876634528
960||||0|1876634528|1876634528
961||||0|1876634528|1876634528
962||||0|1876634528|1876634528
963||||0|1876634528|1876634528
964||||0|1876634528|1876634528
965||||0|1876634528|1876634528
966||||0|1876634528|1876634528
967||||0|1876634528|1876634528
968||||0|1876634528|1876634528
969||||0|1876634528|1876634528
970||||0|1876634528|1876634528
971||||0|1876634528|1876634528
972||||0|1876634528|1876634528
973||||0|1876634528|1876634528
974||||0|1876634528|1876634528
975||||0|1876634528|1876634528
976||||0|1876634528|1876634528
977||||0|1876634528|1876634528
978||||0|1876634528|1876634528
979||||0|1876634528|1876634528
980||||0|1876634528|1876634528
981||||0|1876634528|1876634528
982||||0|1876634528|1876634528
983||||0|1876634528|1876634528
984||||0|1876634528|1876634528
985||||0|1876634528|1876634528
986||||0|1876634528|1876634528
987||||0|1876634528|1876634528
988||||0|1876634528|1876634528
989||||0|1876634528|1876634528
990||||0|1876634528|1876634528
991||||0|1876634528|1876634528
992||||0|1876634528|1876634528
993||||0|1876634528|1876634528
994||||0|1876634528|1876634528
995||||0|1876634528|1876634528
996||||0|1876634528|1876634528
997||||0|1876634528|1876634528
998||||0|1876634528|1876634528
999||||0|1876634528|1876634528
1000||||0|1876634528|1876634528
1001||||0|1876634528|1876634528
1002||||0|1876634528|1876634528
1003||||0|1876634528|1876634528
1004||||0|1876634528|1876634528
1005||||0|1876634528|1876634528
1006||||0|1876634528|1876634528
1007||||0|1876634528|1876634528
1008||||0|1876634528|1876634528
1009||||0|1876634528|1876634528
1010||||0|1876634528|1876634528
1011||||0|1876634528|1876634528
1012||||0|1876634528|1876634528
1013||||0|1876634528|1876634528
1014||||0|1876634528|1876634528
1015||||0|1876634528|1876634528
1016||||0|1876634528|1876634528
1017||||0|1876634528|1876634528
1018||||0|1876634528|1876634528
1019||||0|1876634528|1876634528
1020||||0|1876634528|1876634528
1021||||0|1876634528|1876634528
1022||||0|1876634528|1876634528
1023||||0|1876634528|1876634528
1024||||0|1876634528|1876634528
1025||||0|1876634528|1876634528
1026||||0|1876634528|1876634528
1027||||0|1876634528|1876634528
1028||||0|1876634528|1876634528
1029||||0|1876634528|1876634528
1030||||0|1876634528|1876634528
1031||||0|1876634528|1876634528
1032||||0|1876634528|1876634528
1033||||0|1876634528|1876634528
1034||||0|1876634528|1876634528
1035||||0|1876634528|1876634528
1036||||0|1876634528|1876634528
1037||||0|1876634528|1876634528
1038||||0|1876634528|1876634528
1039||||0|1876634528|1876634528
1040||||0|1876634528|1876634528
1041||||0|1876634528|1876634528
1042||||0|1876634528|1876634528
1043||||0|1876634528|1876634528
1044||||0|1876634528|1876634528
1045||||0|1876634528|1876634528
1046||||0|1876634528|1876634528
1047||||0|1876634528|1876634528
1048||||0|1876634528|1876634528
1049||||0|1876634528|1876634528
1050||||0|1876634528|1876634528
1051||||0|1876634528|1876634528
1052||||0|1876634528|1876634528
1053||||0|1876634528|1876634528
1054||||0|1876634528|1876634528
1055||||0|1876634528|1876634528
1056||||0|1876634528|1876634528
1057||||0|1876634528|1876634528
1058||||0|1876634528|1876634528
1059||||0|1876634528|1876634528
1060||||0|1876634528|1876634528
1061||||0|1876634528|1876634528
1062||||0|1876634528|1876634528
1063||||0|1876634528|1876634528
1064||||0|1876634528|1876634528
1065||||0|1876634528|1876634528
1066||||0|1876634528|1876634528
1067||||0|1876634528|1876634528
1068||||0|1876634528|1876634528
1069||||0|1876634528|1876634528
1070||||0|1876634528|1876634528
1071||||0|1876634528|1876634528
1072||||0|1876634528|1876634528
1073||||0|1876634528|1876634528
1074||||0|1876634528|1876634528
1075||||0|1876634528|1876634528
1076||||0|1876634528|1876634528
1077||||0|1876634528|1876634528
1078||||0|1876634528|1876634528
1079||||0|1876634528|1876634528
1080||||0|1876634528|1876634528
1081||||0|1876634528|1876634528
1082||||0|1876634528|1876634528
1083||||0|1876634528|1876634528
1084||||0|1876634528|1876634528
1085||||0|1876634528|1876634528
1086||||0|1876634528|1876634528
1087||||0|1876634528|1876634528
1088||||0|1876634528|1876634528
1089||||0|1876634528|1876634528
1090||||0|1876634528|1876634528
1091||||0|1876634528|1876634528
1092||||0|1876634528|1876634528
1093||||0|1876634528|1876634528
1094||||0|1876634528|1876634528
1095||||0|1876634528|1876634528
1096||||0|1876634528|1876634528
1097||||0|1876634528|1876634528
1098||||0|1876634528|1876634528
1099||||0|1876634528|1876634528
1100||||0|1876634528|1876634528
1101||||0|1876634528|1876634528
1102||||0|1876634528|1876634528
1103||||0|1876634528|1876634528
1104||||0|1876634528|1876634528
1105||||0|1876634528|1876634528
1106||||0|1876634528|1876634528
